V2 I1
0 5.09768E-07
0.05 5.09615E-07
0.1 5.09509E-07
0.15 5.09976E-07
0.2 5.09989E-07
0.25 5.10049E-07
0.3 5.09936E-07
0.35 5.1022E-07
0.4 5.10144E-07
0.45 5.10098E-07
0.5 5.10152E-07
0.55 5.10255E-07
0.6 5.1019E-07
0.65 5.10245E-07
0.7 5.10313E-07
0.75 5.10421E-07
0.8 5.10377E-07
0.85 5.10475E-07
0.9 5.10807E-07
0.95 5.11138E-07
1 5.10829E-07
1.05 5.10602E-07
1.1 5.10629E-07
1.15 5.11039E-07
1.2 5.10893E-07
1.25 5.10725E-07
1.3 5.11288E-07
1.35 5.11537E-07
1.4 5.11691E-07
1.45 5.11793E-07
1.5 5.12248E-07
1.55 5.12612E-07
1.6 5.12721E-07
1.65 5.13043E-07
1.7 5.13348E-07
1.75 5.13265E-07
1.8 5.13201E-07
1.85 5.1351E-07
1.9 5.13766E-07
1.95 5.13821E-07
2 5.14344E-07
2.05 5.15177E-07
2.1 5.16242E-07
2.15 5.16642E-07
2.2 5.1724E-07
2.25 5.17881E-07
2.3 5.18519E-07
2.35 5.18912E-07
2.4 5.1929E-07
2.45 5.19644E-07
2.5 5.20221E-07
2.55 5.20818E-07
2.6 5.21147E-07
2.65 5.221E-07
2.7 5.22519E-07
2.75 5.22663E-07
2.8 5.2331E-07
2.85 5.23909E-07
2.9 5.24794E-07
2.95 5.25231E-07
3 5.26467E-07
3.05 5.27626E-07
3.1 5.2861E-07
3.15 5.29527E-07
3.2 5.30914E-07
3.25 5.32188E-07
3.3 5.33458E-07
3.35 5.3453E-07
3.4 5.361E-07
3.45 5.37517E-07
3.5 5.388E-07
3.55 5.40113E-07
3.6 5.4155E-07
3.65 5.43299E-07
3.7 5.44391E-07
3.75 5.46228E-07
3.8 5.47755E-07
3.85 5.49758E-07
3.9 5.51436E-07
3.95 5.54139E-07
4 5.56938E-07
4.05 5.59408E-07
4.1 5.62025E-07
4.15 5.64788E-07
4.2 5.67473E-07
4.25 5.70636E-07
4.3 5.73479E-07
4.35 5.76628E-07
4.4 5.79885E-07
4.45 5.82827E-07
4.5 5.86204E-07
4.55 5.88913E-07
4.6 5.92549E-07
4.65 5.96026E-07
4.7 5.9964E-07
4.75 6.03457E-07
4.8 6.07562E-07
4.85 6.11591E-07
4.9 6.15827E-07
4.95 6.2018E-07
5 6.24472E-07
0 5.54133E-07
0.05 5.53511E-07
0.1 5.53106E-07
0.15 5.52376E-07
0.2 5.51911E-07
0.25 5.51655E-07
0.3 5.5167E-07
0.35 5.51408E-07
0.4 5.50984E-07
0.45 5.51249E-07
0.5 5.51337E-07
0.55 5.51461E-07
0.6 5.51411E-07
0.65 5.51849E-07
0.7 5.52107E-07
0.75 5.52167E-07
0.8 5.52493E-07
0.85 5.53139E-07
0.9 5.53654E-07
0.95 5.53952E-07
1 5.54296E-07
1.05 5.54907E-07
1.1 5.55537E-07
1.15 5.55863E-07
1.2 5.56337E-07
1.25 5.57325E-07
1.3 5.58328E-07
1.35 5.59174E-07
1.4 5.60136E-07
1.45 5.61435E-07
1.5 5.62323E-07
1.55 5.6331E-07
1.6 5.64234E-07
1.65 5.6543E-07
1.7 5.66594E-07
1.75 5.6763E-07
1.8 5.68778E-07
1.85 5.69935E-07
1.9 5.71267E-07
1.95 5.72263E-07
2 5.73364E-07
2.05 5.74716E-07
2.1 5.75926E-07
2.15 5.77232E-07
2.2 5.78448E-07
2.25 5.80037E-07
2.3 5.81364E-07
2.35 5.82776E-07
2.4 5.83969E-07
2.45 5.86009E-07
2.5 5.87169E-07
2.55 5.88802E-07
2.6 5.90358E-07
2.65 5.92359E-07
2.7 5.9398E-07
2.75 5.9567E-07
2.8 5.97547E-07
2.85 5.99777E-07
2.9 6.01613E-07
2.95 6.03658E-07
3 6.06054E-07
3.05 6.08421E-07
3.1 6.10633E-07
3.15 6.13323E-07
3.2 6.15747E-07
3.25 6.18756E-07
3.3 6.21174E-07
3.35 6.24069E-07
3.4 6.27468E-07
3.45 6.30526E-07
3.5 6.33666E-07
3.55 6.37273E-07
3.6 6.40865E-07
3.65 6.44646E-07
3.7 6.48045E-07
3.75 6.52131E-07
3.8 6.5621E-07
3.85 6.60127E-07
3.9 6.64277E-07
3.95 6.68652E-07
4 6.73033E-07
4.05 6.77351E-07
4.1 6.81794E-07
4.15 6.86568E-07
4.2 6.90928E-07
4.25 6.95286E-07
4.3 6.99951E-07
4.35 7.04876E-07
4.4 7.09256E-07
4.45 7.1348E-07
4.5 7.18264E-07
4.55 7.22697E-07
4.6 7.26667E-07
4.65 7.30558E-07
4.7 7.34395E-07
4.75 7.38419E-07
4.8 7.41373E-07
4.85 7.44525E-07
4.9 7.47431E-07
4.95 7.50158E-07
5 7.52478E-07
0 6.34286E-07
0.05 6.32936E-07
0.1 6.32269E-07
0.15 6.31088E-07
0.2 6.30287E-07
0.25 6.29872E-07
0.3 6.2955E-07
0.35 6.28996E-07
0.4 6.28836E-07
0.45 6.28686E-07
0.5 6.28914E-07
0.55 6.28691E-07
0.6 6.28545E-07
0.65 6.28996E-07
0.7 6.29064E-07
0.75 6.29279E-07
0.8 6.29637E-07
0.85 6.3014E-07
0.9 6.30877E-07
0.95 6.31317E-07
1 6.31948E-07
1.05 6.33005E-07
1.1 6.33695E-07
1.15 6.34545E-07
1.2 6.35505E-07
1.25 6.36453E-07
1.3 6.37841E-07
1.35 6.3848E-07
1.4 6.39981E-07
1.45 6.41092E-07
1.5 6.42542E-07
1.55 6.43649E-07
1.6 6.45029E-07
1.65 6.46707E-07
1.7 6.47968E-07
1.75 6.49416E-07
1.8 6.50934E-07
1.85 6.5257E-07
1.9 6.54426E-07
1.95 6.55831E-07
2 6.58253E-07
2.05 6.60072E-07
2.1 6.62219E-07
2.15 6.64318E-07
2.2 6.6671E-07
2.25 6.6926E-07
2.3 6.71694E-07
2.35 6.73921E-07
2.4 6.77048E-07
2.45 6.79405E-07
2.5 6.82614E-07
2.55 6.85046E-07
2.6 6.88292E-07
2.65 6.91639E-07
2.7 6.94437E-07
2.75 6.98116E-07
2.8 7.01245E-07
2.85 7.0539E-07
2.9 7.08592E-07
2.95 7.12198E-07
3 7.16242E-07
3.05 7.19674E-07
3.1 7.23773E-07
3.15 7.27237E-07
3.2 7.31391E-07
3.25 7.35487E-07
3.3 7.38763E-07
3.35 7.42623E-07
3.4 7.46552E-07
3.45 7.49933E-07
3.5 7.5334E-07
3.55 7.55823E-07
3.6 7.59923E-07
3.65 7.61852E-07
3.7 7.6525E-07
3.75 7.67029E-07
3.8 7.70048E-07
3.85 7.72012E-07
3.9 7.73675E-07
3.95 7.75418E-07
4 7.77082E-07
4.05 7.7841E-07
4.1 7.79604E-07
4.15 7.80494E-07
4.2 7.81701E-07
4.25 7.82568E-07
4.3 7.82599E-07
4.35 7.83626E-07
4.4 7.84084E-07
4.45 7.84911E-07
4.5 7.84958E-07
4.55 7.85336E-07
4.6 7.85843E-07
4.65 7.85873E-07
4.7 7.86066E-07
4.75 7.86185E-07
4.8 7.86516E-07
4.85 7.86651E-07
4.9 7.8676E-07
4.95 7.87087E-07
5 7.87331E-07
